8.5187e+02
8.1506e+02
6.2784e+02
7.9506e+02
6.1016e+02
6.7134e+02
6.3805e+02
7.7043e+02
7.0215e+02
6.7295e+02
7.7799e+02
7.8053e+02
6.5606e+02
6.1223e+02
8.8290e+02
7.9154e+02
7.1888e+02
5.9586e+02
6.1344e+02
6.5438e+02
7.6098e+02
7.4222e+02
6.7174e+02
6.4088e+02
8.4639e+02
7.3424e+02
7.6155e+02
5.8246e+02
7.8713e+02
7.0247e+02
7.3352e+02
6.5179e+02
7.6700e+02
7.7248e+02
7.8920e+02
6.5235e+02
7.0059e+02
8.3268e+02
6.6645e+02
7.6412e+02
7.9103e+02
7.7419e+02
6.6447e+02
7.5319e+02
7.9936e+02
6.8170e+02
6.8588e+02
7.0113e+02
6.4228e+02
6.1112e+02
6.5767e+02
6.2772e+02
5.7493e+02
8.1599e+02
6.6784e+02
5.8119e+02
5.3282e+02
7.4188e+02
7.4451e+02
7.0545e+02
7.5436e+02
7.3628e+02
5.7976e+02
8.9586e+02
7.7782e+02
6.6307e+02
7.1713e+02
6.8374e+02
7.9275e+02
6.4143e+02
8.0806e+02
6.9258e+02
6.1564e+02
6.2807e+02
6.1476e+02
7.6354e+02
6.8360e+02
7.4342e+02
7.2814e+02
7.2728e+02
6.6471e+02
6.1515e+02
6.8662e+02
6.8668e+02
6.5007e+02
7.7618e+02
6.7500e+02
7.4028e+02
5.7882e+02
7.3519e+02
9.0130e+02
6.1803e+02
7.1671e+02
6.0697e+02
7.6889e+02
8.9138e+02
7.1437e+02
7.1765e+02
7.6662e+02
6.0077e+02
8.0242e+02
7.3473e+02
6.3724e+02
7.1983e+02
7.6604e+02
7.4277e+02
7.0504e+02
7.4713e+02
5.9359e+02
7.5514e+02
7.7675e+02
5.8181e+02
8.7153e+02
7.6447e+02
7.6128e+02
6.5249e+02
7.6031e+02
7.5492e+02
8.1299e+02
7.5925e+02
7.2975e+02
1.0008e+03
7.0526e+02
7.6861e+02
6.9649e+02
6.4786e+02
6.0167e+02
8.1484e+02
6.5892e+02
8.1532e+02
6.1169e+02
7.1510e+02
6.2911e+02
6.9210e+02
7.0395e+02
7.3350e+02
7.3258e+02
6.7273e+02
8.0586e+02
7.2061e+02
6.8585e+02
7.4457e+02
9.1893e+02
5.7793e+02
6.5214e+02
8.1083e+02
8.5086e+02
6.6256e+02
7.7473e+02
7.6341e+02
7.8359e+02
6.2155e+02
6.5180e+02
6.2636e+02
6.1939e+02
7.8283e+02
7.9247e+02
7.9486e+02
7.1652e+02
5.7861e+02
6.1827e+02
7.0340e+02
7.4020e+02
9.9277e+02
7.2001e+02
7.9759e+02
7.2712e+02
7.0160e+02
6.9980e+02
6.2320e+02
6.4696e+02
5.8681e+02
6.7336e+02
6.7789e+02
6.3263e+02
6.4552e+02
7.9248e+02
7.3979e+02
7.6082e+02
7.3120e+02
6.5469e+02
5.5778e+02
8.4644e+02
6.8585e+02
7.6125e+02
6.1497e+02
6.0378e+02
6.7553e+02
7.3703e+02
6.8381e+02
7.2645e+02
6.9069e+02
6.7763e+02
6.2366e+02
6.5141e+02
7.4007e+02
6.9223e+02
5.7249e+02
7.4976e+02
7.0697e+02
8.3232e+02
8.1398e+02
6.3943e+02
6.4262e+02
6.8575e+02
7.0126e+02
6.5716e+02
7.3393e+02
7.6721e+02
6.4227e+02
5.8006e+02
7.2370e+02
6.6268e+02
7.9041e+02
9.9046e+02
6.2861e+02
8.4779e+02
6.9159e+02
7.4707e+02
6.1518e+02
6.8522e+02
6.3509e+02
7.1183e+02
6.7595e+02
6.8818e+02
6.9180e+02
8.6161e+02
6.8170e+02
7.9290e+02
8.3360e+02
5.2825e+02
6.8760e+02
7.8269e+02
7.1860e+02
6.8822e+02
8.0411e+02
6.3576e+02
7.2580e+02
6.4901e+02
7.4231e+02
6.6629e+02
7.0259e+02
7.1233e+02
9.1800e+02
7.9565e+02
7.8591e+02
7.0727e+02
6.0033e+02
6.6893e+02
7.4543e+02
6.7813e+02
8.5666e+02
7.3457e+02
6.9955e+02
7.0373e+02
7.5136e+02
6.4587e+02
7.5485e+02
8.4205e+02
7.6980e+02
5.8870e+02
7.4276e+02
7.3116e+02
7.6242e+02
6.2362e+02
7.2267e+02
8.6367e+02
6.9560e+02
6.7571e+02
7.5240e+02
6.8869e+02
7.3237e+02
7.0209e+02
8.4809e+02
6.2528e+02
7.3851e+02
7.9394e+02
8.3383e+02
7.0436e+02
7.0552e+02
8.9666e+02
6.6536e+02
5.4424e+02
7.0666e+02
6.7306e+02
7.2355e+02
6.7542e+02
5.9760e+02
6.5729e+02
7.1173e+02
6.7605e+02
6.0463e+02
8.9805e+02
6.4721e+02
5.7968e+02
8.3591e+02
6.5131e+02
7.2635e+02
6.3957e+02
6.2210e+02
7.9747e+02
7.2611e+02
6.3466e+02
6.2281e+02
6.8627e+02
7.5640e+02
9.8604e+02
7.1080e+02
5.7714e+02
7.4686e+02
7.3624e+02
8.1702e+02
7.4260e+02
7.8506e+02
8.7315e+02
7.5276e+02
6.5384e+02
7.3153e+02
6.0529e+02
5.5918e+02
6.0457e+02
6.6742e+02
6.6767e+02
5.8724e+02
9.3186e+02
6.4209e+02
6.0168e+02
7.8422e+02
6.3412e+02
8.2592e+02
7.6853e+02
7.7909e+02
7.6879e+02
7.5333e+02
8.2190e+02
5.2855e+02
8.6989e+02
7.6221e+02
8.5307e+02
6.7015e+02
9.6769e+02
7.9132e+02
6.4834e+02
7.3367e+02
6.2022e+02
7.3246e+02
5.5582e+02
7.8491e+02
6.1311e+02
7.7191e+02
5.9533e+02
6.6825e+02
5.7866e+02
7.3304e+02
6.8815e+02
6.8253e+02
8.2847e+02
8.0837e+02
5.9019e+02
6.1087e+02
7.7005e+02
8.1843e+02
5.9901e+02
8.9839e+02
6.5398e+02
7.7541e+02
6.5430e+02
7.1948e+02
7.0833e+02
7.2320e+02
8.6159e+02
8.3525e+02
6.3726e+02
7.4330e+02
6.2722e+02
7.5356e+02
7.7892e+02
7.9727e+02
7.0326e+02
6.4354e+02
9.4092e+02
7.8528e+02
8.8301e+02
8.5854e+02
8.2755e+02
9.8652e+02
6.2673e+02
5.8519e+02
7.2250e+02
7.9503e+02
8.0670e+02
7.6530e+02
5.6179e+02
7.1832e+02
7.3654e+02
5.6910e+02
8.7966e+02
7.4892e+02
6.6499e+02
6.0129e+02
5.4254e+02
6.2313e+02
6.4160e+02
6.8655e+02
6.7131e+02
5.4184e+02
7.2562e+02
7.1340e+02
7.4398e+02
7.6552e+02
5.6402e+02
7.8776e+02
9.0473e+02
8.9802e+02
9.0276e+02
6.5198e+02
6.1461e+02
7.7656e+02
7.9643e+02
7.0603e+02
7.2273e+02
5.7458e+02
6.0859e+02
8.2281e+02
7.7952e+02
6.1076e+02
6.1921e+02
8.6094e+02
5.4165e+02
6.4912e+02
7.2818e+02
7.3703e+02
7.0313e+02
7.0117e+02
7.0057e+02
7.4849e+02
5.8832e+02
8.4917e+02
7.6492e+02
8.3202e+02
8.1684e+02
6.1007e+02
6.3918e+02
8.2862e+02
6.9693e+02
6.6667e+02
7.7526e+02
6.8100e+02
7.6394e+02
7.8805e+02
6.7942e+02
7.3158e+02
6.5376e+02
6.4209e+02
6.8872e+02
7.3618e+02
7.5131e+02
6.3721e+02
7.2371e+02
6.5174e+02
6.1775e+02
8.8542e+02
6.5143e+02
7.7545e+02
8.0629e+02
8.5041e+02
7.3702e+02
7.7376e+02
8.1213e+02
7.4870e+02
5.5744e+02
7.0195e+02
6.7246e+02
6.4695e+02
6.3384e+02
8.1139e+02
7.3521e+02
6.4215e+02
6.7180e+02
7.5902e+02
7.7581e+02
5.9925e+02
6.1881e+02
6.8800e+02
8.2250e+02
7.6088e+02
6.3132e+02
6.9839e+02
6.3431e+02
9.8424e+02
7.8143e+02
6.5090e+02
7.5986e+02
8.6091e+02
7.8468e+02
6.0571e+02
6.1885e+02
8.4257e+02
6.6774e+02
7.1045e+02
7.1642e+02
6.9057e+02
6.4277e+02
6.5142e+02
6.6394e+02
7.4897e+02
6.7087e+02
5.9576e+02
8.6010e+02
7.0583e+02
7.4015e+02
7.1539e+02
8.1011e+02
6.1289e+02
6.5768e+02
5.7740e+02
6.4101e+02
9.1264e+02
6.9181e+02
7.5964e+02
7.2746e+02
8.3583e+02
6.2112e+02
7.1798e+02
6.2839e+02
8.1792e+02
7.8804e+02
7.9852e+02
6.3946e+02
8.2066e+02
8.0335e+02
6.5901e+02
7.0467e+02
7.1255e+02
8.7301e+02
6.9083e+02
7.9879e+02
7.6193e+02
8.3987e+02
9.1445e+02
6.9625e+02
6.5234e+02
8.0082e+02
6.5427e+02
7.6073e+02
7.9966e+02
6.1468e+02
7.1291e+02
7.1451e+02
8.0795e+02
9.0609e+02
6.1453e+02
8.2345e+02
7.3383e+02
5.9555e+02
7.0898e+02
6.0912e+02
8.1832e+02
8.3513e+02
5.4825e+02
7.3524e+02
7.1314e+02
7.2305e+02
6.3179e+02
6.0790e+02
8.7876e+02
7.1475e+02
5.4849e+02
5.7509e+02
6.6167e+02
9.2269e+02
9.2773e+02
7.3101e+02
1.0118e+03
6.8893e+02
7.7423e+02
6.9776e+02
8.3070e+02
5.6544e+02
8.6738e+02
9.4933e+02
6.1356e+02
6.5258e+02
8.5847e+02
7.4394e+02
7.3807e+02
8.0510e+02
6.3419e+02
6.0975e+02
8.8049e+02
6.5787e+02
7.1641e+02
7.1789e+02
6.1960e+02
7.9804e+02
7.4220e+02
7.2102e+02
6.3013e+02
8.8936e+02
7.0667e+02
7.2603e+02
6.7603e+02
5.9472e+02
8.0748e+02
7.3751e+02
8.1275e+02
7.7298e+02
6.5737e+02
7.3930e+02
7.9436e+02
5.9953e+02
6.5874e+02
6.7081e+02
6.7280e+02
6.7874e+02
8.0757e+02
8.7976e+02
6.4004e+02
7.6104e+02
8.2910e+02
6.3574e+02
7.1445e+02
6.4594e+02
8.2977e+02
7.5621e+02
6.6127e+02
8.2237e+02
6.2714e+02
7.3464e+02
7.6991e+02
8.3380e+02
7.4997e+02
6.4843e+02
8.3261e+02
7.7861e+02
8.0639e+02
6.7800e+02
7.2338e+02
7.1263e+02
7.4834e+02
6.7144e+02
7.4628e+02
6.6227e+02
7.5462e+02
8.1489e+02
5.9090e+02
6.8682e+02
6.4889e+02
6.7652e+02
6.1716e+02
6.4078e+02
7.1074e+02
6.7798e+02
7.1423e+02
7.0142e+02
6.3908e+02
6.0201e+02
7.9812e+02
7.8155e+02
8.5245e+02
7.9923e+02
7.3849e+02
5.7187e+02
6.7637e+02
6.6069e+02
8.0495e+02
7.0662e+02
6.4013e+02
7.5769e+02
6.0425e+02
7.9647e+02
7.3577e+02
7.1023e+02
7.1395e+02
6.8425e+02
7.2259e+02
6.2922e+02
7.0607e+02
6.9115e+02
7.3249e+02
7.5660e+02
7.9469e+02
6.0895e+02
9.0106e+02
7.0936e+02
6.4962e+02
6.2844e+02
9.3280e+02
7.1637e+02
7.6292e+02
7.2669e+02
7.4736e+02
6.3041e+02
6.3167e+02
6.4368e+02
6.4261e+02
7.1764e+02
7.0892e+02
6.9829e+02
6.3797e+02
6.8492e+02
6.2023e+02
8.0918e+02
6.6436e+02
7.5727e+02
7.7610e+02
8.4231e+02
6.5667e+02
6.9464e+02
8.7913e+02
8.5316e+02
6.6435e+02
8.3831e+02
8.0041e+02
8.5646e+02
7.2013e+02
6.1930e+02
6.3976e+02
9.5384e+02
7.2240e+02
6.3717e+02
6.0034e+02
7.4137e+02
7.0399e+02
8.6478e+02
7.8102e+02
6.0480e+02
7.3379e+02
8.0870e+02
6.1841e+02
6.9125e+02
6.6954e+02
7.4224e+02
7.9124e+02
6.6235e+02
6.7236e+02
6.6029e+02
7.2683e+02
6.5205e+02
6.5755e+02
7.9005e+02
7.0423e+02
7.1772e+02
8.1949e+02
6.4541e+02
6.1537e+02
7.9597e+02
7.3489e+02
7.3153e+02
8.2832e+02
5.5818e+02
8.2943e+02
7.7535e+02
8.2531e+02
5.8670e+02
6.4685e+02
7.0188e+02
8.0021e+02
6.8727e+02
6.7544e+02
6.3909e+02
8.0171e+02
8.1011e+02
7.2902e+02
7.6657e+02
6.9573e+02
6.2083e+02
5.7675e+02
9.2992e+02
7.4343e+02
7.3778e+02
8.0555e+02
8.5908e+02
8.1911e+02
8.9226e+02
5.9859e+02
7.1286e+02
7.6266e+02
9.0449e+02
6.9471e+02
7.8153e+02
6.7443e+02
6.8319e+02
6.1953e+02
9.1609e+02
8.8626e+02
7.4040e+02
5.8704e+02
7.7791e+02
7.9669e+02
7.1271e+02
7.6239e+02
7.4776e+02
8.0792e+02
6.6657e+02
6.6143e+02
6.2469e+02
9.0941e+02
6.7273e+02
5.6672e+02
7.2347e+02
7.3930e+02
6.0185e+02
6.3363e+02
7.7936e+02
8.0736e+02
8.4660e+02
7.5850e+02
7.4442e+02
6.1811e+02
6.7483e+02
6.5731e+02
6.8556e+02
6.1781e+02
9.0877e+02
7.0797e+02
6.5252e+02
7.4695e+02
6.5902e+02
6.0069e+02
6.1050e+02
7.8569e+02
7.3350e+02
9.0450e+02
7.1281e+02
5.9370e+02
6.7492e+02
8.6233e+02
6.2690e+02
5.5759e+02
7.5240e+02
7.3214e+02
5.8907e+02
6.8015e+02
9.3583e+02
7.5257e+02
8.2716e+02
7.6098e+02
7.1190e+02
5.2345e+02
7.2164e+02
6.8800e+02
6.0736e+02
6.8352e+02
6.9222e+02
6.2435e+02
7.0995e+02
7.3386e+02
8.5186e+02
5.8870e+02
7.5103e+02
9.3176e+02
8.9248e+02
7.9869e+02
8.0354e+02
6.9463e+02
6.8329e+02
7.0239e+02
7.9348e+02
8.3851e+02
7.4810e+02
8.1828e+02
8.2563e+02
6.4815e+02
6.4213e+02
9.6408e+02
9.8414e+02
6.6978e+02
7.6151e+02
6.2985e+02
6.3861e+02
5.9884e+02
6.8954e+02
7.4737e+02
8.6559e+02
6.2636e+02
8.5303e+02
9.1285e+02
9.4899e+02
7.2271e+02
7.9056e+02
6.9036e+02
6.9181e+02
6.9968e+02
8.3772e+02
6.6164e+02
7.9357e+02
6.5070e+02
8.8691e+02
7.1522e+02
6.7483e+02
8.6880e+02
6.8369e+02
7.6495e+02
7.0913e+02
5.5573e+02
7.6788e+02
5.8172e+02
6.1260e+02
6.4020e+02
7.3200e+02
8.8928e+02
6.3160e+02
6.9377e+02
7.8100e+02
8.2213e+02
6.9042e+02
6.8095e+02
6.4498e+02
7.6593e+02
6.3736e+02
7.0923e+02
6.9114e+02
7.2671e+02
6.6690e+02
9.4579e+02
5.8725e+02
6.8586e+02
5.8253e+02
5.7589e+02
6.8280e+02
6.6822e+02
6.4571e+02
7.1396e+02
7.1436e+02
5.7643e+02
8.1102e+02
7.0951e+02
6.6600e+02
7.8105e+02
7.9466e+02
8.1772e+02
7.0028e+02
6.7008e+02
7.7314e+02
8.9629e+02
6.5214e+02
6.2279e+02
7.4599e+02
5.7305e+02
6.2720e+02
6.1139e+02
7.1078e+02
6.0618e+02
7.3079e+02
7.8508e+02
6.8031e+02
7.2507e+02
6.9170e+02
7.2177e+02
6.8992e+02
7.6838e+02
7.0357e+02
6.5069e+02
5.9201e+02
6.6309e+02
6.9086e+02
6.8439e+02
7.5556e+02
8.0394e+02
6.1849e+02
7.8597e+02
6.3930e+02
6.3689e+02
7.0294e+02
8.3714e+02
6.7285e+02
7.2979e+02
7.8420e+02
7.6253e+02
6.5612e+02
7.6014e+02
5.6480e+02
7.9416e+02
8.6168e+02
7.2732e+02
8.0414e+02
7.6755e+02
6.4916e+02
6.5075e+02
6.4870e+02
6.0895e+02
6.4564e+02
5.5182e+02
5.9382e+02
6.0151e+02
8.9251e+02
6.6437e+02
6.9582e+02
6.4041e+02
7.0047e+02
6.7597e+02
6.2988e+02
6.1792e+02
6.9204e+02
5.8269e+02
6.3632e+02
7.6037e+02
7.6508e+02
7.7001e+02
6.6879e+02
8.5058e+02
5.7198e+02
8.0315e+02
8.8521e+02
7.7575e+02
7.1558e+02
6.4990e+02
6.1602e+02
5.6900e+02
6.9721e+02
9.2297e+02
7.6060e+02
6.8301e+02
5.5926e+02
6.8417e+02
6.1797e+02
5.8586e+02
6.7319e+02
7.6296e+02
6.0345e+02
7.3841e+02
7.0585e+02
7.7796e+02
6.1964e+02
7.4845e+02
6.6362e+02
7.4771e+02
7.0030e+02
6.8726e+02
6.0857e+02
7.3197e+02
6.4858e+02
7.0720e+02
8.1173e+02
7.1782e+02
8.2286e+02
6.9102e+02
8.5735e+02
7.6565e+02
8.6010e+02
7.2595e+02
6.7421e+02
8.9302e+02
7.2600e+02
9.1475e+02
6.9879e+02
7.4362e+02
8.6177e+02
8.0038e+02
6.6223e+02
8.7705e+02
8.0417e+02
6.6097e+02
6.5437e+02
8.4117e+02
6.2302e+02
8.1706e+02
7.3217e+02
6.5308e+02
7.6894e+02
7.2530e+02
7.9831e+02
7.1367e+02
6.9035e+02
7.3763e+02
6.8653e+02
6.0737e+02
7.6908e+02
6.7239e+02
7.3336e+02
6.7114e+02
6.8193e+02
7.2488e+02
8.9150e+02
6.8729e+02
7.1411e+02
9.4498e+02
6.7633e+02
6.6361e+02
7.9041e+02
7.6645e+02
5.7067e+02
6.3875e+02
7.8584e+02
7.0071e+02
7.0052e+02
8.4044e+02
6.5895e+02
6.4456e+02
7.0940e+02
7.2132e+02
6.6422e+02
7.5012e+02
8.4823e+02
6.0733e+02
6.9540e+02
6.9110e+02
6.6048e+02
7.1180e+02
8.4091e+02
7.2598e+02
6.4821e+02
6.2989e+02
8.3367e+02
6.9243e+02
7.5305e+02
7.0513e+02
7.3033e+02
9.5303e+02
7.2243e+02
7.2753e+02
7.7859e+02
5.7808e+02
6.7401e+02
7.1492e+02
6.0352e+02
1.0073e+03
6.4402e+02
6.9023e+02
9.1591e+02
6.2324e+02
7.9876e+02
5.6357e+02
5.7102e+02
6.2520e+02
6.4609e+02
6.9442e+02
6.1598e+02
7.6716e+02
7.3596e+02
6.2086e+02
8.3950e+02
6.7470e+02
6.6622e+02
6.7707e+02
8.3344e+02
8.0334e+02
7.3088e+02
7.0062e+02
6.4540e+02
9.0668e+02
6.2238e+02
6.4597e+02
7.0948e+02
7.7822e+02
6.9601e+02
6.6095e+02
7.4791e+02
7.3403e+02
7.5639e+02
6.5603e+02
8.3262e+02
6.7807e+02
6.6348e+02
6.5008e+02
6.6743e+02
6.1694e+02
7.0989e+02
7.4572e+02
6.2281e+02
6.8436e+02
8.0563e+02
8.7352e+02
6.7575e+02
7.0395e+02
5.5261e+02
7.1298e+02
6.4979e+02
7.2101e+02
7.6261e+02
5.8340e+02
6.9886e+02
7.1889e+02
6.9046e+02
7.9108e+02
7.0906e+02
6.5399e+02
5.9831e+02
7.0329e+02
6.9946e+02
7.2325e+02
7.5877e+02
7.7937e+02
6.7720e+02
7.1067e+02
7.3394e+02
6.2220e+02
6.7945e+02
6.7173e+02
6.6196e+02
8.8614e+02
6.3052e+02
6.8842e+02
6.6916e+02
7.6295e+02
7.9559e+02
6.1777e+02
7.2345e+02
9.7342e+02
7.2403e+02
6.9944e+02
6.1092e+02
7.1943e+02
7.9288e+02
6.9551e+02
8.5684e+02
6.7743e+02
5.8947e+02
8.6454e+02
7.7931e+02
6.8283e+02
7.5792e+02
5.3061e+02
6.9973e+02
8.2148e+02
6.2443e+02
7.4603e+02
7.4721e+02
8.8247e+02
7.0688e+02
7.1221e+02
7.6644e+02
6.5637e+02
6.0744e+02
6.1186e+02
6.7452e+02
7.3371e+02
8.0925e+02
6.7698e+02
6.0941e+02
6.2531e+02
5.9231e+02
8.2454e+02
8.3329e+02
7.2767e+02
9.8108e+02
6.9170e+02
5.4714e+02
7.4269e+02
9.2140e+02
7.4514e+02
8.1942e+02
7.1711e+02
6.3105e+02
7.2392e+02
5.9919e+02
6.1576e+02
6.1611e+02
6.7402e+02
7.6639e+02
6.6297e+02
7.0120e+02
6.7905e+02
7.9995e+02
6.2880e+02
8.8422e+02
6.8336e+02
6.8742e+02
8.1649e+02
6.3186e+02
7.0426e+02
7.0960e+02
7.2660e+02
9.1197e+02
7.3777e+02
7.4026e+02
6.0009e+02
5.5890e+02
7.3931e+02
6.1254e+02
7.7345e+02
7.6950e+02
7.3034e+02
7.6033e+02
8.1557e+02
6.5351e+02
6.8400e+02
8.0385e+02
7.0404e+02
8.0634e+02
8.3011e+02
7.2499e+02
6.0523e+02
9.1305e+02
7.1981e+02
6.7613e+02
6.2082e+02
7.2734e+02
7.7053e+02
8.1552e+02
6.3118e+02
6.4978e+02
9.1860e+02
7.8343e+02
7.0688e+02
5.8144e+02
8.2032e+02
5.8213e+02
7.4445e+02
6.9141e+02
8.1339e+02
6.3146e+02
7.7826e+02
8.2635e+02
7.6496e+02
8.9513e+02
6.3688e+02
8.3147e+02
6.8446e+02
6.9523e+02
8.6631e+02
6.6925e+02
7.5609e+02
6.9496e+02
6.1029e+02
5.5229e+02
7.1239e+02
6.3133e+02
6.4027e+02
7.6812e+02
6.1544e+02
6.8883e+02
6.9591e+02
6.3259e+02
7.3413e+02
6.0373e+02
7.8232e+02
8.6562e+02
6.8337e+02
7.7213e+02
7.3838e+02
6.9442e+02
5.5992e+02
6.3561e+02
6.9091e+02
7.8554e+02
6.7164e+02
7.4273e+02
8.3464e+02
6.8458e+02
6.7811e+02
7.9722e+02
6.1860e+02
5.7545e+02
7.4368e+02
6.7840e+02
5.7480e+02
6.7747e+02
6.1108e+02
5.9596e+02
6.6910e+02
6.5878e+02
7.8932e+02
7.0790e+02
6.3016e+02
7.3080e+02
5.9557e+02
6.6795e+02
8.0722e+02
6.9414e+02
6.0615e+02
8.2204e+02
7.3410e+02
6.0773e+02
7.9871e+02
6.4949e+02
6.7154e+02
6.0948e+02
7.7021e+02
7.9327e+02
7.2871e+02
8.0047e+02
7.6626e+02
7.8290e+02
7.6601e+02
6.7480e+02
7.2113e+02
7.1994e+02
9.2246e+02
7.2309e+02
7.8207e+02
6.2420e+02
6.6152e+02
7.1545e+02
6.2369e+02
8.6941e+02
6.5864e+02
8.1278e+02
5.8546e+02
5.9348e+02
6.3061e+02
6.8008e+02
8.1032e+02
6.3199e+02
5.9543e+02
7.4048e+02
6.7465e+02
7.1168e+02
5.8393e+02
8.0819e+02
7.7162e+02
7.4140e+02
7.5886e+02
6.5257e+02
7.4896e+02
8.8749e+02
6.6482e+02
6.5893e+02
7.3687e+02
7.7721e+02
6.9836e+02
7.7894e+02
8.6086e+02
6.4153e+02
7.2019e+02
8.1370e+02
7.2346e+02
7.8051e+02
6.6573e+02
6.9239e+02
5.4010e+02
6.3707e+02
7.2210e+02
6.9322e+02
8.6869e+02
8.2618e+02
6.4831e+02
7.2043e+02
6.9017e+02
7.3675e+02
7.1118e+02
6.8614e+02
8.1951e+02
6.6788e+02
7.2521e+02
6.7012e+02
6.1267e+02
7.9147e+02
5.9461e+02
8.6329e+02
7.4647e+02
5.4174e+02
5.6252e+02
7.1613e+02
6.5267e+02
7.2432e+02
7.8191e+02
7.5158e+02
7.3576e+02
7.5313e+02
7.5629e+02
9.2496e+02
6.2468e+02
7.4673e+02
8.1284e+02
7.8044e+02
6.7501e+02
7.1327e+02
8.1387e+02
7.2740e+02
7.4170e+02
8.8887e+02
6.6932e+02
7.1202e+02
7.6811e+02
7.4134e+02
6.0581e+02
9.4279e+02
6.4052e+02
6.0382e+02
5.8313e+02
7.6673e+02
6.2529e+02
6.1859e+02
6.2464e+02
7.4414e+02
7.4459e+02
6.3310e+02
7.3388e+02
6.5565e+02
6.6666e+02
6.4673e+02
7.6740e+02
6.5312e+02
7.7172e+02
7.4019e+02
7.5967e+02
7.1918e+02
7.6104e+02
7.6190e+02
7.6270e+02
6.0153e+02
8.3365e+02
6.9372e+02
6.6014e+02
7.0653e+02
8.1287e+02
6.1315e+02
7.0103e+02
6.6762e+02
7.9942e+02
8.6918e+02
7.5671e+02
6.5321e+02
7.3817e+02
7.3852e+02
6.6203e+02
6.6182e+02
7.1674e+02
5.7380e+02
5.8557e+02
6.4556e+02
6.0638e+02
6.6317e+02
5.9819e+02
6.4938e+02
8.2662e+02
9.0511e+02
6.2293e+02
6.2525e+02
6.3056e+02
7.6661e+02
6.9507e+02
6.7953e+02
6.3559e+02
7.3327e+02
9.0929e+02
6.7445e+02
9.2814e+02
6.8871e+02
6.4051e+02
8.4398e+02
5.7764e+02
6.4194e+02
6.3325e+02
6.8152e+02
7.9918e+02
6.6509e+02
6.2784e+02
8.9231e+02
6.6066e+02
5.9802e+02
7.0209e+02
6.7457e+02
6.2141e+02
9.9898e+02
7.4926e+02
6.7980e+02
6.4177e+02
5.9514e+02
6.7034e+02
9.3544e+02
7.5258e+02
7.5755e+02
6.9178e+02
6.8778e+02
5.9464e+02
6.4279e+02
6.5463e+02
7.3005e+02
6.1959e+02
7.3575e+02
8.2917e+02
6.5481e+02
6.0842e+02
7.1699e+02
7.1056e+02
6.8126e+02
7.7162e+02
7.8886e+02
6.7944e+02
8.0762e+02
7.8917e+02
6.1261e+02
6.8436e+02
7.0830e+02
7.7123e+02
5.4360e+02
7.7600e+02
6.1178e+02
7.7753e+02
7.4745e+02
6.9241e+02
7.6374e+02
6.3293e+02
6.1436e+02
7.8303e+02
6.3889e+02
7.3605e+02
6.4584e+02
6.8388e+02
6.5420e+02
5.9514e+02
6.0762e+02
5.9893e+02
7.4102e+02
7.3644e+02
7.5822e+02
7.0416e+02
6.1700e+02
6.8320e+02
7.6211e+02
8.4348e+02
7.5406e+02
9.3359e+02
6.3334e+02
6.6572e+02
5.9784e+02
7.6294e+02
6.7574e+02
6.0145e+02
5.7113e+02
5.7414e+02
5.9635e+02
7.3042e+02
6.3073e+02
8.1175e+02
7.0398e+02
7.0972e+02
6.4442e+02
6.3651e+02
6.7773e+02
8.0319e+02
8.0631e+02
6.4827e+02
7.1162e+02
6.7748e+02
6.7265e+02
7.0433e+02
6.6209e+02
6.7304e+02
6.9477e+02
7.2122e+02
7.7338e+02
7.9417e+02
7.3476e+02
6.5705e+02
5.9852e+02
7.8430e+02
6.4156e+02
7.8379e+02
5.8423e+02
8.1158e+02
7.8562e+02
7.0321e+02
7.3897e+02
6.1148e+02
7.5272e+02
6.7159e+02
6.2593e+02
6.4490e+02
6.0707e+02
8.2971e+02
9.3618e+02
7.5730e+02
6.1325e+02
5.8250e+02
7.6685e+02
6.9708e+02
7.5942e+02
6.8799e+02
6.1867e+02
7.2926e+02
6.6253e+02
6.4024e+02
6.1763e+02
7.3175e+02
6.6505e+02
6.3668e+02
6.3935e+02
6.5729e+02
7.2465e+02
6.8418e+02
7.3199e+02
7.6097e+02
6.6815e+02
7.5902e+02
8.7272e+02
7.0917e+02
7.2201e+02
6.3891e+02
7.6414e+02
9.5127e+02
6.7846e+02
8.8262e+02
6.7559e+02
7.8269e+02
6.1481e+02
7.0989e+02
9.3670e+02
7.9752e+02
6.6551e+02
7.5476e+02
6.5126e+02
7.0440e+02
6.9592e+02
6.1350e+02
6.5505e+02
1.0677e+03
7.0978e+02
7.0665e+02
7.4064e+02
6.8423e+02
8.9076e+02
7.4465e+02
6.3278e+02
6.9895e+02
6.2154e+02
6.8709e+02
9.5258e+02
7.8443e+02
9.0936e+02
6.5306e+02
7.5282e+02
7.6538e+02
7.3491e+02
6.0669e+02
6.7837e+02
6.9783e+02
8.0888e+02
7.8078e+02
6.7884e+02
7.7346e+02
7.3527e+02
6.0632e+02
8.3683e+02
6.8073e+02
6.6261e+02
7.5782e+02
5.2444e+02
7.1244e+02
7.5228e+02
8.3911e+02
6.5465e+02
7.2730e+02
5.7750e+02
7.7604e+02
6.7989e+02
6.2859e+02
6.0599e+02
8.5072e+02
6.8570e+02
7.3602e+02
7.7872e+02
7.0150e+02
6.4737e+02
7.9530e+02
8.0383e+02
7.2819e+02
6.2430e+02
7.2612e+02
7.5609e+02
9.5916e+02
6.5004e+02
6.5267e+02
7.2673e+02
6.3515e+02
6.6500e+02
7.1506e+02
5.5316e+02
5.8199e+02
6.2618e+02
8.8461e+02
6.0473e+02
5.9943e+02
6.5779e+02
7.9455e+02
5.7310e+02
6.5432e+02
6.1161e+02
7.3701e+02
8.1913e+02
5.8501e+02
6.6429e+02
6.9500e+02
7.2211e+02
8.0931e+02
6.2527e+02
8.6253e+02
7.3191e+02
6.4610e+02
6.3869e+02
6.1240e+02
7.1914e+02
7.6065e+02
7.3465e+02
6.5863e+02
6.3259e+02
5.6046e+02
6.8979e+02
8.2948e+02
1.0979e+03
6.7733e+02
7.2886e+02
5.3332e+02
6.0237e+02
8.1495e+02
7.4768e+02
7.5876e+02
7.3279e+02
7.0724e+02
6.3463e+02
7.0282e+02
7.9147e+02
7.4587e+02
6.1824e+02
8.5974e+02
8.6996e+02
7.3985e+02
7.2849e+02
6.3907e+02
6.9030e+02
6.9884e+02
7.3636e+02
6.9182e+02
7.1913e+02
6.7781e+02
6.8807e+02
8.7793e+02
6.6138e+02
6.4352e+02
7.0998e+02
7.9142e+02
6.5871e+02
9.4076e+02
6.9432e+02
8.4014e+02
5.4418e+02
6.8876e+02
8.5238e+02
8.2399e+02
8.1649e+02
6.4960e+02
6.2203e+02
6.2042e+02
5.8188e+02
7.2893e+02
6.8391e+02
5.9126e+02
7.9093e+02
8.5164e+02
7.7401e+02
7.3250e+02
7.2594e+02
6.1056e+02
6.0505e+02
6.8143e+02
6.1049e+02
6.2503e+02
8.2613e+02
7.0172e+02
6.6794e+02
6.2936e+02
7.3953e+02
5.6819e+02
7.3654e+02
5.8989e+02
6.5484e+02
7.5745e+02
6.5171e+02
6.9927e+02
7.3699e+02
9.3379e+02
7.9222e+02
6.3405e+02
7.5242e+02
6.7494e+02
5.4054e+02
8.4985e+02
6.9114e+02
6.4913e+02
6.6211e+02
8.7069e+02
7.2618e+02
5.7559e+02
7.0143e+02
7.1890e+02
7.2218e+02
7.5503e+02
7.3126e+02
6.0623e+02
8.2893e+02
6.3259e+02
6.7036e+02
7.2061e+02
7.1818e+02
7.8475e+02
6.2261e+02
6.4140e+02
7.1206e+02
7.8840e+02
7.1450e+02
7.1463e+02
7.4172e+02
6.3709e+02
6.3349e+02
6.5522e+02
8.9045e+02
8.5931e+02
7.8136e+02
7.4797e+02
7.5010e+02
6.1809e+02
7.3317e+02
7.1725e+02
6.8008e+02
7.3819e+02
7.9075e+02
7.0445e+02
6.3589e+02
9.9972e+02
7.3523e+02
7.8953e+02
6.2155e+02
8.0133e+02
6.9724e+02
6.5730e+02
6.7642e+02
6.1306e+02
6.4551e+02
7.4153e+02
7.1380e+02
6.9350e+02
6.5022e+02
7.4234e+02
7.4341e+02
7.2411e+02
8.1095e+02
7.4538e+02
6.6979e+02
6.1161e+02
6.8497e+02
8.9246e+02
7.2899e+02
7.5523e+02
7.3534e+02
7.1916e+02
6.3051e+02
5.7323e+02
8.0048e+02
6.0582e+02
7.1177e+02
6.4300e+02
5.6217e+02
5.7254e+02
7.1642e+02
8.3389e+02
6.9651e+02
6.8315e+02
7.0838e+02
5.9318e+02
6.5336e+02
6.6748e+02
6.6880e+02
6.8287e+02
7.1843e+02
6.5834e+02
8.3814e+02
7.1236e+02
7.1116e+02
7.0938e+02
7.9639e+02
7.5059e+02
7.5259e+02
9.4892e+02
7.1601e+02
7.6261e+02
6.1290e+02
6.6180e+02
7.1719e+02
8.1512e+02
5.8497e+02
7.4514e+02
7.0820e+02
6.3488e+02
8.2056e+02
8.3235e+02
6.4827e+02
5.8080e+02
7.8599e+02
6.8128e+02
6.4418e+02
7.1192e+02
6.4648e+02
6.2724e+02
7.3994e+02
6.5033e+02
7.8064e+02
6.6330e+02
7.7605e+02
5.3790e+02
6.3550e+02
6.8598e+02
6.1220e+02
6.7904e+02
8.1179e+02
6.2879e+02
7.9575e+02
7.1635e+02
6.9011e+02
8.3884e+02
8.5466e+02
8.2759e+02
6.7783e+02
5.5256e+02
5.9669e+02
7.5991e+02
6.4092e+02
7.4406e+02
7.3372e+02
6.6268e+02
8.2882e+02
6.3517e+02
6.7416e+02
7.2866e+02
6.3013e+02
9.8115e+02
7.4881e+02
6.8474e+02
8.4841e+02
8.1530e+02
7.9774e+02
8.9447e+02
5.4522e+02
6.3478e+02
7.3711e+02
7.5136e+02
6.5791e+02
5.7150e+02
7.1018e+02
5.9929e+02
6.8341e+02
7.8407e+02
9.8413e+02
8.7846e+02
7.0753e+02
9.4475e+02
7.5825e+02
7.0339e+02
7.7415e+02
8.0323e+02
7.8133e+02
8.4822e+02
7.7984e+02
7.5405e+02
5.6666e+02
8.7736e+02
7.1799e+02
7.5226e+02
8.3509e+02
6.9822e+02
7.3149e+02
8.3023e+02
6.6495e+02
6.3813e+02
6.4566e+02
7.2039e+02
7.3799e+02
5.6722e+02
5.9367e+02
6.8985e+02
7.7624e+02
6.6716e+02
8.6491e+02
7.4411e+02
8.1401e+02
8.2253e+02
7.8369e+02
7.4319e+02
7.3504e+02
7.5298e+02
6.5439e+02
7.7994e+02
6.6771e+02
7.3718e+02
8.3187e+02
5.4272e+02
6.6558e+02
7.2203e+02
6.9722e+02
8.8252e+02
7.6785e+02
7.7171e+02
7.6373e+02
6.7369e+02
6.1512e+02
8.3522e+02
7.0984e+02
8.6091e+02
7.9199e+02
5.8929e+02
8.4302e+02
6.5806e+02
6.6657e+02
6.3041e+02
8.6227e+02
6.8946e+02
7.4458e+02
7.3417e+02
6.1595e+02
7.6846e+02
6.1444e+02
6.2419e+02
8.6883e+02
6.7191e+02
7.1079e+02
7.7495e+02
7.1634e+02
6.3602e+02
6.6232e+02
6.3639e+02
7.2047e+02
6.3278e+02
6.3446e+02
7.5541e+02
5.5629e+02
8.1811e+02
8.3325e+02
8.7617e+02
7.4608e+02
6.8605e+02
6.5190e+02
6.3102e+02
6.9322e+02
5.8099e+02
6.7394e+02
7.4527e+02
7.6415e+02
7.7245e+02
5.6555e+02
6.6309e+02
7.6076e+02
7.2469e+02
5.3501e+02
7.4765e+02
9.5614e+02
5.8322e+02
7.5854e+02
8.0890e+02
6.7504e+02
9.3226e+02
7.3062e+02
9.4339e+02
5.9914e+02
7.1970e+02
6.4157e+02
6.8573e+02
7.0659e+02
7.4015e+02
8.0504e+02
6.9816e+02
9.0202e+02
6.9444e+02
6.5599e+02
7.4771e+02
6.6351e+02
6.0656e+02
8.0968e+02
5.7838e+02
6.3957e+02
7.2421e+02
6.3513e+02
6.9947e+02
1.0130e+03
7.1908e+02
8.1034e+02
6.2166e+02
6.0936e+02
8.2526e+02
6.5488e+02
6.2632e+02
6.9029e+02
7.1913e+02
6.8808e+02
6.6769e+02
6.4225e+02
6.7756e+02
7.4147e+02
6.8613e+02
8.1601e+02
6.0056e+02
7.1400e+02
6.4449e+02
7.6236e+02
7.8680e+02
6.9695e+02
8.1023e+02
6.2440e+02
7.6467e+02
8.2703e+02
7.6965e+02
7.4582e+02
7.7498e+02
8.0929e+02
8.0492e+02
7.3355e+02
6.4294e+02
6.8852e+02
6.7635e+02
8.1199e+02
7.8896e+02
6.0714e+02
8.2598e+02
7.0801e+02
7.1896e+02
6.3870e+02
6.7203e+02
7.7900e+02
7.3576e+02
8.6302e+02
7.1458e+02
6.2093e+02
6.2461e+02
8.6709e+02
7.3901e+02
5.9707e+02
7.2883e+02
6.3767e+02
5.6966e+02
6.1151e+02
5.8944e+02
5.8096e+02
6.8311e+02
7.8118e+02
6.5790e+02
9.1080e+02
8.3849e+02
6.4203e+02
7.5377e+02
6.3858e+02
6.5873e+02
8.2394e+02
6.5234e+02
6.7230e+02
9.4356e+02
7.5506e+02
7.1286e+02
8.0468e+02
5.6651e+02
6.6038e+02
6.8733e+02
6.2878e+02
6.7782e+02
7.6404e+02
6.9235e+02
8.4321e+02
8.5940e+02
6.2425e+02
7.7945e+02
5.5398e+02
7.7293e+02
6.8138e+02
9.1657e+02
7.9670e+02
6.2835e+02
7.4918e+02
6.9950e+02
6.5010e+02
6.3444e+02
7.4577e+02
6.9075e+02
6.4025e+02
5.9534e+02
9.4886e+02
5.5290e+02
8.0355e+02
7.3539e+02
6.1392e+02
6.8009e+02
7.5299e+02
7.3418e+02
7.7483e+02
7.7509e+02
8.1939e+02
8.3191e+02
7.0119e+02
6.4624e+02
7.7037e+02
6.3643e+02
6.4698e+02
6.4636e+02
7.7130e+02
7.6995e+02
7.6669e+02
8.4523e+02
6.5345e+02
6.2395e+02
5.6680e+02
7.3697e+02
9.2992e+02
7.2661e+02
5.3150e+02
7.3711e+02
7.0334e+02
7.2361e+02
6.6843e+02
7.9862e+02
9.0748e+02
6.8570e+02
6.1348e+02
9.6734e+02
6.9474e+02
8.5107e+02
6.6919e+02
7.1649e+02
7.1929e+02
8.6747e+02
6.3132e+02
7.7199e+02
7.2989e+02
6.2564e+02
8.8618e+02
7.4447e+02
6.9272e+02
6.2178e+02
7.6325e+02
7.5558e+02
7.9058e+02
6.2560e+02
6.3659e+02
6.5174e+02
7.2033e+02
8.3261e+02
6.8442e+02
6.4478e+02
7.1906e+02
7.7712e+02
5.9939e+02
5.5660e+02
7.7903e+02
7.1056e+02
7.5879e+02
7.1965e+02
7.5041e+02
7.2677e+02
6.6569e+02
7.6313e+02
8.6070e+02
8.0948e+02
6.8514e+02
7.6786e+02
8.5902e+02
7.3814e+02
6.9406e+02
7.3898e+02
7.4723e+02
7.6655e+02
7.6489e+02
7.9423e+02
9.2974e+02
7.8770e+02
8.7080e+02
6.1329e+02
6.9860e+02
9.0181e+02
6.6876e+02
6.3528e+02
7.1064e+02
7.6145e+02
5.8844e+02
6.6126e+02
6.7555e+02
7.0607e+02
7.3181e+02
5.7991e+02
9.4575e+02
8.5923e+02
6.4275e+02
6.9213e+02
7.2741e+02
6.2015e+02
7.0318e+02
9.7385e+02
8.4206e+02
8.5143e+02
6.8396e+02
1.0023e+03
6.9888e+02
7.1583e+02
8.8632e+02
8.1117e+02
6.8625e+02
7.9547e+02
6.6912e+02
7.6938e+02
5.7626e+02
6.9903e+02
6.8758e+02
8.1211e+02
6.8267e+02
5.7778e+02
7.5401e+02
6.4023e+02
8.7326e+02
6.2241e+02
7.1530e+02
8.4977e+02
6.5705e+02
7.0154e+02
7.1610e+02
8.2792e+02
6.8892e+02
7.0876e+02
6.8233e+02
8.5621e+02
6.5365e+02
7.3365e+02
6.0765e+02
7.8835e+02
7.8222e+02
7.4373e+02
6.1766e+02
6.7266e+02
5.8822e+02
7.2089e+02
6.3048e+02
6.6462e+02
7.1878e+02
6.8582e+02
9.5461e+02
6.0519e+02
7.3117e+02
8.3493e+02
7.2870e+02
1.0409e+03
7.3996e+02
6.7409e+02
7.0210e+02
8.2854e+02
6.3707e+02
7.2007e+02
7.6749e+02
7.0666e+02
6.6745e+02
6.7929e+02
6.7991e+02
9.0065e+02
7.0872e+02
9.5265e+02
8.3715e+02
7.7405e+02
7.0414e+02
6.8721e+02
9.7449e+02
9.2578e+02
7.4357e+02
6.8902e+02
8.2890e+02
6.6469e+02
7.3406e+02
7.4126e+02
6.4567e+02
5.8961e+02
6.0185e+02
8.0465e+02
6.9398e+02
6.6854e+02
7.6236e+02
8.9542e+02
8.1038e+02
6.5648e+02
6.5493e+02
5.9485e+02
7.2006e+02
6.3805e+02
7.4945e+02
7.8112e+02
5.9714e+02
6.3266e+02
6.5761e+02
6.4848e+02
7.5106e+02
6.7299e+02
5.9467e+02
7.8986e+02
7.4083e+02
7.0450e+02
8.9179e+02
7.0506e+02
5.7324e+02
7.1167e+02
8.5273e+02
6.0369e+02
6.9417e+02
8.1054e+02
6.9943e+02
6.1423e+02
7.3900e+02
7.6223e+02
5.5407e+02
6.7423e+02
5.6356e+02
8.0871e+02
6.3143e+02
6.0854e+02
7.9179e+02
6.5939e+02
6.5932e+02
5.4791e+02
7.7622e+02
6.5756e+02
7.3524e+02
6.9377e+02
6.8832e+02
5.9286e+02
5.6812e+02
6.6720e+02
5.8342e+02
6.4371e+02
7.6917e+02
6.5679e+02
6.1137e+02
5.8126e+02
8.8673e+02
7.9684e+02
8.1762e+02
7.3850e+02
6.8969e+02
6.6984e+02
7.5501e+02
5.9444e+02
7.0394e+02
5.8938e+02
6.5374e+02
6.2102e+02
8.1697e+02
6.6517e+02
6.3119e+02
7.3245e+02
7.9699e+02
6.3065e+02
7.2139e+02
8.5091e+02
6.4985e+02
6.5304e+02
6.8138e+02
7.8105e+02
5.7900e+02
6.9371e+02
6.5362e+02
8.7089e+02
8.0204e+02
5.9103e+02
7.5204e+02
7.0201e+02
6.0090e+02
6.4267e+02
7.3712e+02
6.8039e+02
7.0544e+02
8.0337e+02
8.1262e+02
8.5968e+02
6.0839e+02
7.7999e+02
6.9875e+02
6.2585e+02
5.9242e+02
7.4691e+02
8.8366e+02
6.6141e+02
8.0447e+02
7.7297e+02
6.7682e+02
7.1839e+02
7.1203e+02
7.6968e+02
7.0926e+02
6.2852e+02
6.1755e+02
6.6399e+02
8.0474e+02
6.3360e+02
6.2350e+02
6.9895e+02
8.4763e+02
7.4580e+02
6.5943e+02
6.2726e+02
6.8879e+02
6.5970e+02
7.0047e+02
6.7746e+02
7.6438e+02
7.8492e+02
6.3562e+02
6.2510e+02
7.3019e+02
7.5871e+02
5.9430e+02
8.6527e+02
6.0529e+02
6.3415e+02
5.7485e+02
5.2734e+02
6.9090e+02
6.8534e+02
7.1188e+02
5.6602e+02
7.1888e+02
5.6979e+02
6.9662e+02
6.3137e+02
6.9737e+02
6.4323e+02
8.5401e+02
5.1596e+02
5.8472e+02
6.4464e+02
8.3846e+02
6.4227e+02
6.5705e+02
7.7385e+02
6.2607e+02
6.4904e+02
5.9836e+02
6.0731e+02
6.9976e+02
8.2181e+02
7.7801e+02
6.2559e+02
8.8945e+02
8.0887e+02
7.9088e+02
6.8122e+02
6.9690e+02
6.4131e+02
7.1629e+02
7.1826e+02
7.3148e+02
7.1645e+02
5.8163e+02
6.4147e+02
6.8391e+02
7.7968e+02
7.5278e+02
7.8383e+02
7.2292e+02
5.6672e+02
6.4266e+02
9.3696e+02
6.5883e+02
6.1041e+02
6.6312e+02
6.8487e+02
6.3025e+02
6.2574e+02
6.9096e+02
6.1254e+02
7.9198e+02
7.8783e+02
5.7658e+02
7.8779e+02
7.2781e+02
6.5903e+02
7.2736e+02
6.5049e+02
6.4479e+02
6.7596e+02
6.9232e+02
8.8916e+02
6.1658e+02
8.5947e+02
7.6250e+02
6.4823e+02
6.2831e+02
7.9634e+02
8.1442e+02
6.1950e+02
8.0881e+02
6.9909e+02
7.8780e+02
8.2360e+02
7.3636e+02
7.4039e+02
6.1096e+02
1.0159e+03
7.1111e+02
7.2306e+02
5.8630e+02
6.7280e+02
7.3180e+02
8.3098e+02
7.8264e+02
6.5929e+02
5.8630e+02
7.4509e+02
9.6735e+02
7.8296e+02
8.4240e+02
6.7292e+02
7.0366e+02
7.6097e+02
5.8502e+02
7.3840e+02
6.2329e+02
6.8759e+02
5.9000e+02
7.1359e+02
6.1530e+02
8.1563e+02
7.6606e+02
7.9817e+02
7.6341e+02
6.4537e+02
6.9609e+02
6.0070e+02
7.8018e+02
6.1331e+02
9.7277e+02
6.6683e+02
7.5774e+02
7.4350e+02
6.8941e+02
6.9371e+02
7.2365e+02
8.3149e+02
6.9287e+02
7.0559e+02
7.8848e+02
6.1183e+02
7.8147e+02
5.7802e+02
6.6817e+02
6.0420e+02
7.5693e+02
6.9607e+02
6.6569e+02
5.9456e+02
7.1811e+02
7.8159e+02
6.4387e+02
6.1275e+02
5.7474e+02
7.2012e+02
6.5805e+02
6.2585e+02
8.9912e+02
7.1307e+02
9.3921e+02
6.1318e+02
7.5310e+02
6.1510e+02
7.4881e+02
7.3120e+02
7.8870e+02
6.6260e+02
7.5442e+02
6.4155e+02
7.3475e+02
8.1465e+02
7.7483e+02
6.4680e+02
5.2444e+02
1.0759e+03
6.3162e+02
7.7593e+02
7.5410e+02
5.2952e+02
6.5156e+02
6.5417e+02
7.0149e+02
7.2488e+02
5.3802e+02
7.8843e+02
6.7848e+02
7.3169e+02
6.7118e+02
6.6303e+02
5.6392e+02
6.4499e+02
9.3010e+02
6.5131e+02
6.7721e+02
7.0866e+02
6.9435e+02
7.1865e+02
7.0332e+02
6.0700e+02
6.3544e+02
6.0055e+02
7.2848e+02
7.2459e+02
7.5522e+02
6.6726e+02
7.3299e+02
6.0104e+02
5.8381e+02
7.6729e+02
7.4092e+02
6.1037e+02
6.4887e+02
7.1072e+02
8.3359e+02
6.1855e+02
7.6065e+02
8.3519e+02
6.9846e+02
8.1144e+02
8.2089e+02
5.5413e+02
6.0487e+02
6.4821e+02
6.3984e+02
7.4520e+02
6.0867e+02
6.9835e+02
7.0964e+02
5.7445e+02
5.4713e+02
7.1117e+02
6.6891e+02
6.9065e+02
6.5268e+02
6.2548e+02
6.6903e+02
6.3790e+02
7.2958e+02
8.3256e+02
6.6257e+02
7.5459e+02
6.1502e+02
7.4484e+02
6.6761e+02
7.0452e+02
7.4715e+02
7.3036e+02
7.1080e+02
6.2912e+02
7.0217e+02
7.9069e+02
5.6729e+02
8.1567e+02
7.2555e+02
5.7167e+02
8.0144e+02
6.8329e+02
5.3349e+02
6.3089e+02
6.1552e+02
6.2708e+02
8.1926e+02
7.3844e+02
7.5662e+02
8.8675e+02
6.0645e+02
6.6143e+02
7.7730e+02
8.7612e+02
6.6525e+02
6.6115e+02
6.1065e+02
6.4942e+02
5.7887e+02
6.2677e+02
7.9892e+02
6.4043e+02
5.5733e+02
7.2443e+02
6.9599e+02
7.5661e+02
7.3355e+02
6.2881e+02
6.9647e+02
8.5939e+02
6.2968e+02
5.6081e+02
6.7057e+02
7.7502e+02
6.6224e+02
7.3567e+02
7.2852e+02
6.1934e+02
6.6867e+02
9.0860e+02
6.9668e+02
7.4330e+02
8.6906e+02
5.9534e+02
9.2426e+02
6.6325e+02
5.8588e+02
6.0011e+02
6.4294e+02
6.2272e+02
7.2734e+02
8.6407e+02
5.4093e+02
6.7115e+02
7.1889e+02
5.8608e+02
5.9024e+02
7.3329e+02
7.2276e+02
8.2765e+02
6.4961e+02
7.8049e+02
5.4155e+02
7.3003e+02
7.4817e+02
8.5261e+02
6.5755e+02
6.5016e+02
7.0427e+02
8.1371e+02
9.2546e+02
9.4425e+02
6.1091e+02
6.2109e+02
8.4047e+02
7.2047e+02
8.9483e+02
6.0302e+02
6.5321e+02
7.6830e+02
6.8164e+02
6.3694e+02
5.8910e+02
6.7379e+02
7.4140e+02
6.5094e+02
7.3860e+02
9.2366e+02
5.6932e+02
6.5878e+02
8.8825e+02
7.6878e+02
